(  0 0)(  0 0)(  0 0)(  0 0)(  0 0)(  0 0)(  0 0)(  0 0)(  0 0)(  0 0)(  0 0)(  0 0)(  0 0)(  0 0)(  0 0)(  0 0)
(  0 0)(  0 0)(  0 0)(  0 0)(  0 0)(  0 0)(  0 0)(  0 0)(  0 0)(  0 0)(  0 0)(  0 0)(  0 0)(  0 0)(  0 0)(  0 0)
(  0 0)(  0 0)(  0 0)(  0 0)(  0 0)(  0 0)(  0 0)(  0 0)(  0 0)(  0 0)(  0 0)(  0 0)(  0 0)(  0 0)(  0 0)(  0 0)
(  0 0)(  0 0)(  0 0)(  0 0)(  0 0)(  0 0)(  0 0)(  0 0)(  0 0)(  0 0)(  0 0)(  0 0)(  0 0)(  0 0)(  0 0)(  0 0)
(  0 0)(  0 0)(  0 0)(109 3)(105 1)(228 0)(209 3)(214 1)( 71 0)( 85 0)(162 3)( 65 0)(  0 0)(  0 0)(  0 0)(  0 0)
(  0 0)(  0 0)(  0 0)(138 1)(142 0)(150 3)( 67 0)(123 1)( 66 2)( 82 2)(164 3)( 72 2)(  0 0)(  0 0)(  0 0)(  0 0)
(  0 0)(  0 0)(  0 0)(118 0)(144 2)(141 0)( 94 2)( 92 0)(196 2)( 84 0)(208 3)(205 2)(  0 0)(  0 0)(  0 0)(  0 0)
(  0 0)(  0 0)(  0 0)(110 2)(188 3)(148 2)(145 3)( 61 2)( 98 1)( 87 2)(227 2)( 80 0)(  0 0)(  0 0)(  0 0)(  0 0)
(  0 0)(  0 0)(  0 0)(226 3)(115 0)(218 2)(127 0)(139 0)( 75 0)( 78 3)( 86 1)( 69 2)(  0 0)(  0 0)(  0 0)(  0 0)
(  0 0)(  0 0)(  0 0)(246 2)(128 2)(129 0)(135 2)(147 2)( 96 2)(187 3)(195 1)(222 3)(  0 0)(  0 0)(  0 0)(  0 0)
(  0 0)(  0 0)(  0 0)(254 3)(113 3)(103 1)(234 3)( 81 3)( 88 3)( 76 1)(121 3)(136 1)( 90 2)(  0 0)(  0 0)(  0 0)
(  0 0)(  0 0)(  0 0)(211 0)(217 2)(236 2)(235 0)(108 3)(122 1)(173 1)(248 1)(231 3)( 83 3)(  0 0)(  0 0)(  0 0)
(  0 0)(  0 0)(  0 0)( 70 0)(176 3)(171 1)(198 0)(166 2)(201 1)(249 2)(215 0)(256 2)( 97 0)(  0 0)(  0 0)(  0 0)
(  0 0)(  0 0)(  0 0)(  0 0)(  0 0)(  0 0)(  0 0)(  0 0)(  0 0)(  0 0)(  0 0)(  0 0)(  0 0)(  0 0)(  0 0)(  0 0)
(  0 0)(  0 0)(  0 0)(  0 0)(  0 0)(  0 0)(  0 0)(  0 0)(  0 0)(  0 0)(  0 0)(  0 0)(  0 0)(  0 0)(  0 0)(  0 0)
(  0 0)(  0 0)(  0 0)(  0 0)(  0 0)(  0 0)(  0 0)(  0 0)(  0 0)(  0 0)(  0 0)(  0 0)(  0 0)(  0 0)(  0 0)(  0 0)
