(  0 0)(  0 0)(  0 0)(  0 0)(  0 0)(  0 0)(  0 0)(  0 0)(  0 0)(  0 0)(  0 0)(  0 0)(  0 0)(  0 0)(  0 0)(  0 0)
(  0 0)(  0 0)(  0 0)(  0 0)(  0 0)(  0 0)(  0 0)(  0 0)(  0 0)(  0 0)(  0 0)(  0 0)(  0 0)(  0 0)(  0 0)(  0 0)
(  0 0)(  0 0)(  0 0)(  0 0)(  0 0)(  0 0)(  0 0)(  0 0)(  0 0)(  0 0)(  0 0)(  0 0)(  0 0)(  0 0)(  0 0)(  0 0)
(  0 0)(  0 0)(  0 0)(  0 0)(  0 0)(  0 0)(  0 0)(  0 0)(  0 0)(  0 0)(  0 0)(  0 0)(  0 0)(  0 0)(  0 0)(  0 0)
(  0 0)(  0 0)(  0 0)(243 1)(244 0)(183 1)( 85 2)(194 0)(172 2)(202 2)(255 3)(245 2)(  0 0)(  0 0)(  0 0)(  0 0)
(  0 0)(  0 0)(  0 0)(227 0)(176 0)(233 0)(122 0)(127 0)(181 1)(197 3)(121 3)(135 1)(  0 0)(  0 0)(  0 0)(  0 0)
(  0 0)(  0 0)(  0 0)(163 3)(141 1)( 77 0)(101 2)( 63 0)(212 3)(112 0)(129 0)( 70 0)(  0 0)(  0 0)(  0 0)(  0 0)
(  0 0)(  0 0)(  0 0)(184 0)(246 1)( 78 2)(156 3)( 61 2)( 81 1)(123 2)(131 2)( 94 2)(232 0)(  0 0)(  0 0)(  0 0)
(  0 0)(  0 0)(  0 0)(193 2)(215 3)(148 0)(177 3)(139 0)(152 2)(188 0)(169 2)(237 1)(116 3)(  0 0)(  0 0)(  0 0)
(  0 0)(  0 0)(  0 0)(186 1)( 86 3)( 64 1)( 89 1)(159 2)(231 2)(198 2)(113 3)(120 1)(230 2)(  0 0)(  0 0)(  0 0)
(  0 0)(  0 0)(  0 0)(213 0)(125 0)(256 2)(100 0)(201 3)(111 0)(240 2)(214 2)(216 0)(254 3)(  0 0)(  0 0)(  0 0)
(  0 0)(  0 0)(  0 0)(106 0)(130 2)( 80 3)( 62 1)(133 3)(103 1)(250 3)(209 2)(167 0)(218 1)(  0 0)(  0 0)(  0 0)
(  0 0)(  0 0)(  0 0)(136 2)( 98 0)(241 0)(182 3)(117 0)(190 3)(162 3)(160 1)( 99 3)( 87 1)(  0 0)(  0 0)(  0 0)
(  0 0)(  0 0)(  0 0)(  0 0)(  0 0)(  0 0)(  0 0)(  0 0)(  0 0)(  0 0)(  0 0)(  0 0)(  0 0)(  0 0)(  0 0)(  0 0)
(  0 0)(  0 0)(  0 0)(  0 0)(  0 0)(  0 0)(  0 0)(  0 0)(  0 0)(  0 0)(  0 0)(  0 0)(  0 0)(  0 0)(  0 0)(  0 0)
(  0 0)(  0 0)(  0 0)(  0 0)(  0 0)(  0 0)(  0 0)(  0 0)(  0 0)(  0 0)(  0 0)(  0 0)(  0 0)(  0 0)(  0 0)(  0 0)
