(  0 0)(  0 0)(  0 0)(  0 0)(  0 0)(  0 0)(  0 0)(  0 0)(  0 0)(  0 0)(  0 0)(  0 0)(  0 0)(  0 0)(  0 0)(  0 0)
(  0 0)(  0 0)(  0 0)(  0 0)(  0 0)(  0 0)(  0 0)(  0 0)(  0 0)(  0 0)(  0 0)(  0 0)(  0 0)(  0 0)(  0 0)(  0 0)
(  0 0)(  0 0)(  0 0)(  0 0)(  0 0)(  0 0)(  0 0)(  0 0)(  0 0)(  0 0)(  0 0)(  0 0)(  0 0)(  0 0)(  0 0)(  0 0)
(  0 0)(  0 0)(  0 0)(  0 0)(  0 0)(  0 0)(  0 0)(  0 0)(  0 0)(  0 0)(186 3)(189 1)(207 1)(  0 0)(  0 0)(  0 0)
(  0 0)(  0 0)(  0 0)(158 3)(148 1)(205 2)(169 2)( 77 3)( 89 1)( 61 3)( 73 1)(240 2)(245 2)(  0 0)(  0 0)(  0 0)
(  0 0)(  0 0)(  0 0)( 98 0)(183 1)(201 1)(242 2)(200 0)(221 1)(100 2)(135 0)(118 3)(136 1)(  0 0)(  0 0)(  0 0)
(  0 0)(  0 0)(  0 0)( 72 2)(185 0)(252 0)(249 0)(206 2)( 96 0)(220 1)( 67 3)( 76 1)(198 1)(  0 0)(  0 0)(  0 0)
(  0 0)(  0 0)(  0 0)( 66 3)( 62 0)(235 3)( 92 3)( 99 1)( 80 2)(180 3)(159 2)(124 3)(126 1)(  0 0)(  0 0)(  0 0)
(  0 0)(  0 0)(  0 0)(105 1)( 93 2)(251 2)(166 3)(139 0)(181 3)(122 3)(125 1)(174 3)(142 0)(  0 0)(  0 0)(  0 0)
(  0 0)(  0 0)(  0 0)(250 2)(113 3)(104 0)(165 1)(146 0)(232 3)(229 1)(154 0)(225 3)(152 2)(  0 0)(  0 0)(  0 0)
(  0 0)(  0 0)(  0 0)(255 0)(208 2)(109 2)(175 1)(155 2)(213 0)(256 1)(160 2)(230 2)(197 0)(  0 0)(  0 0)(  0 0)
(  0 0)(  0 0)(  0 0)( 74 0)( 81 0)(162 1)(188 3)(190 1)(212 2)(239 3)(128 3)(130 1)(192 2)(  0 0)(  0 0)(  0 0)
(  0 0)(  0 0)(  0 0)( 91 2)( 69 2)( 68 0)(172 1)(241 2)( 75 3)( 90 1)(238 3)(228 3)(168 3)(  0 0)(  0 0)(  0 0)
(  0 0)(  0 0)(  0 0)(  0 0)(  0 0)(  0 0)(  0 0)(  0 0)(  0 0)(  0 0)(  0 0)(  0 0)(  0 0)(  0 0)(  0 0)(  0 0)
(  0 0)(  0 0)(  0 0)(  0 0)(  0 0)(  0 0)(  0 0)(  0 0)(  0 0)(  0 0)(  0 0)(  0 0)(  0 0)(  0 0)(  0 0)(  0 0)
(  0 0)(  0 0)(  0 0)(  0 0)(  0 0)(  0 0)(  0 0)(  0 0)(  0 0)(  0 0)(  0 0)(  0 0)(  0 0)(  0 0)(  0 0)(  0 0)
