(  0 0)(  0 0)(  0 0)(  0 0)(  0 0)(  0 0)(  0 0)(  0 0)(  0 0)(  0 0)(  0 0)(  0 0)(  0 0)(  0 0)(  0 0)(  0 0)
(  0 0)(  0 0)(  0 0)(  0 0)(  0 0)(  0 0)(  0 0)(  0 0)(  0 0)(  0 0)(  0 0)(  0 0)(  0 0)(  0 0)(  0 0)(  0 0)
(  0 0)(  0 0)(  0 0)(  0 0)(  0 0)(  0 0)(  0 0)(  0 0)(  0 0)(  0 0)(  0 0)(  0 0)(  0 0)(  0 0)(  0 0)(  0 0)
(  0 0)(  0 0)(  0 0)(  0 0)(155 1)(175 3)(150 3)(143 1)(234 3)(198 3)(185 1)(183 2)( 85 2)(  0 0)(  0 0)(  0 0)
(  0 0)(  0 0)(  0 0)(168 1)(115 0)(248 3)(240 2)(253 2)(244 2)(192 3)(196 1)(197 2)(174 2)(  0 0)(  0 0)(  0 0)
(  0 0)(  0 0)(  0 0)(108 3)(101 1)(215 0)( 99 0)(122 3)(124 1)(239 0)(247 2)(163 3)(146 3)(  0 0)(  0 0)(  0 0)
(  0 0)(  0 0)(  0 0)(179 2)(209 3)(191 3)( 66 2)( 68 0)(142 0)(141 0)( 96 0)(184 0)(189 0)(  0 0)(  0 0)(  0 0)
(  0 0)(  0 0)(  0 0)(241 1)(153 0)(217 3)(148 3)( 61 2)( 69 1)(151 2)( 84 2)(132 3)(110 1)(  0 0)(  0 0)(  0 0)
(  0 0)(  0 0)(  0 0)(219 1)(152 2)( 79 0)(167 3)(139 0)(232 1)(252 2)(140 2)(181 1)(223 0)(  0 0)(  0 0)(  0 0)
(  0 0)(  0 0)(  0 0)(105 0)(226 2)( 70 2)(208 1)( 81 3)( 88 3)( 93 1)(176 2)(102 3)(117 1)(  0 0)(  0 0)(  0 0)
(  0 0)(  0 0)(  0 0)(128 2)(103 3)(112 1)(255 1)(211 3)(214 3)(165 3)(171 1)(131 2)(254 3)(  0 0)(  0 0)(  0 0)
(  0 0)(  0 0)(  0 0)(238 2)(119 2)(158 3)(164 1)(156 0)(227 3)(194 2)(178 3)(138 0)(212 3)(  0 0)(  0 0)(  0 0)
(  0 0)(  0 0)(  0 0)(218 0)( 87 0)(199 0)(250 0)(144 2)(170 1)(249 3)(120 0)(147 2)(149 0)(  0 0)(  0 0)(  0 0)
(  0 0)(  0 0)(  0 0)(  0 0)(  0 0)(  0 0)(  0 0)(  0 0)(  0 0)(  0 0)(  0 0)(  0 0)(  0 0)(  0 0)(  0 0)(  0 0)
(  0 0)(  0 0)(  0 0)(  0 0)(  0 0)(  0 0)(  0 0)(  0 0)(  0 0)(  0 0)(  0 0)(  0 0)(  0 0)(  0 0)(  0 0)(  0 0)
(  0 0)(  0 0)(  0 0)(  0 0)(  0 0)(  0 0)(  0 0)(  0 0)(  0 0)(  0 0)(  0 0)(  0 0)(  0 0)(  0 0)(  0 0)(  0 0)
