(  0 0)(  0 0)(  0 0)(  0 0)(  0 0)(  0 0)(  0 0)(  0 0)(  0 0)(  0 0)(  0 0)(  0 0)(  0 0)(  0 0)(  0 0)(  0 0)
(  0 0)(  0 0)(  0 0)(  0 0)(  0 0)(  0 0)(  0 0)(  0 0)(  0 0)(  0 0)(  0 0)(  0 0)(  0 0)(  0 0)(  0 0)(  0 0)
(  0 0)(  0 0)(  0 0)(  0 0)(  0 0)(  0 0)(  0 0)(  0 0)(  0 0)(  0 0)(  0 0)(  0 0)(  0 0)(  0 0)(  0 0)(  0 0)
(  0 0)(  0 0)(154 0)(220 2)(117 3)(101 1)(115 2)(223 1)( 95 3)( 65 1)(146 1)(155 1)(188 0)(  0 0)(  0 0)(  0 0)
(  0 0)(  0 0)( 82 3)( 74 1)(231 2)(209 3)(211 1)(255 3)(130 3)(135 1)(218 3)(210 1)( 72 0)(  0 0)(  0 0)(  0 0)
(  0 0)(  0 0)(235 3)( 92 3)( 86 1)(228 2)(248 2)(215 3)(212 3)(148 0)(133 3)(118 1)( 79 2)(  0 0)(  0 0)(  0 0)
(  0 0)(  0 0)(164 0)(230 3)( 91 3)( 77 1)(238 1)(237 0)(243 0)(149 2)(222 1)( 96 0)(113 0)(  0 0)(  0 0)(  0 0)
(  0 0)(  0 0)(161 2)( 87 3)( 94 1)(108 3)(128 1)(169 0)(187 3)( 76 3)( 99 1)( 88 2)(136 2)(  0 0)(  0 0)(  0 0)
(  0 0)(  0 0)(127 3)(102 0)(254 0)(171 2)(175 3)(139 0)(208 0)(239 2)(122 0)( 78 2)(234 0)(  0 0)(  0 0)(  0 0)
(  0 0)(  0 0)(  0 0)(109 2)(177 1)(162 3)(156 1)(157 2)(219 2)(126 3)( 63 0)( 70 0)(226 0)(  0 0)(  0 0)(  0 0)
(  0 0)(  0 0)(  0 0)(205 0)(165 3)(180 1)( 71 3)(100 1)(229 2)(159 0)( 68 2)( 81 2)(225 2)(  0 0)(  0 0)(  0 0)
(  0 0)(  0 0)(  0 0)(191 2)(196 2)(178 3)(106 0)(160 0)(182 3)(152 2)(236 3)(233 0)(250 0)(  0 0)(  0 0)(  0 0)
(  0 0)(  0 0)(  0 0)(167 0)(221 1)(201 3)(132 2)(144 2)(140 0)(116 3)(121 1)(123 3)(120 1)(  0 0)(  0 0)(  0 0)
(  0 0)(  0 0)(  0 0)(  0 0)(  0 0)(  0 0)(  0 0)(  0 0)(  0 0)(  0 0)(  0 0)(  0 0)(  0 0)(  0 0)(  0 0)(  0 0)
(  0 0)(  0 0)(  0 0)(  0 0)(  0 0)(  0 0)(  0 0)(  0 0)(  0 0)(  0 0)(  0 0)(  0 0)(  0 0)(  0 0)(  0 0)(  0 0)
(  0 0)(  0 0)(  0 0)(  0 0)(  0 0)(  0 0)(  0 0)(  0 0)(  0 0)(  0 0)(  0 0)(  0 0)(  0 0)(  0 0)(  0 0)(  0 0)
