(  0 0)(  0 0)(  0 0)(  0 0)(  0 0)(  0 0)(  0 0)(  0 0)(  0 0)(  0 0)(  0 0)(  0 0)(  0 0)(  0 0)(  0 0)(  0 0)
(  0 0)(  0 0)(  0 0)(  0 0)(  0 0)(  0 0)(  0 0)(  0 0)(  0 0)(  0 0)(  0 0)(  0 0)(  0 0)(  0 0)(  0 0)(  0 0)
(  0 0)(  0 0)(  0 0)(  0 0)(  0 0)(  0 0)(  0 0)(  0 0)(  0 0)(  0 0)(  0 0)(  0 0)(  0 0)(  0 0)(  0 0)(  0 0)
(  0 0)(  0 0)(  0 0)(  0 0)(  0 0)(  0 0)(  0 0)(  0 0)(  0 0)(  0 0)(  0 0)(  0 0)(  0 0)(  0 0)(  0 0)(  0 0)
(  0 0)(  0 0)(  0 0)(  0 0)(  0 0)(  0 0)(  0 0)(  0 0)(  0 0)(  0 0)(  0 0)(  0 0)(  0 0)(  0 0)(  0 0)(  0 0)
(  0 0)(  0 0)(  0 0)(  0 0)(  0 0)(  0 0)(  0 0)(  0 0)(  0 0)(  0 0)(  0 0)(  0 0)(  0 0)(  0 0)(  0 0)(  0 0)
(  0 0)(  0 0)(  0 0)(  0 0)(  0 0)(209 1)(253 0)( 89 0)(120 2)(179 2)(  0 0)(  0 0)(  0 0)(  0 0)(  0 0)(  0 0)
(  0 0)(  0 0)(  0 0)(  0 0)(  0 0)(  0 0)(143 3)( 61 2)( 95 1)(252 0)(  0 0)(  0 0)(  0 0)(  0 0)(  0 0)(  0 0)
(  0 0)(  0 0)(  0 0)(  0 0)(  0 0)(  0 0)(140 1)(139 0)( 72 0)(157 1)(  0 0)(  0 0)(  0 0)(  0 0)(  0 0)(  0 0)
(  0 0)(  0 0)(  0 0)(  0 0)(  0 0)(  0 0)(243 3)(137 2)( 82 2)(236 0)(  0 0)(  0 0)(  0 0)(  0 0)(  0 0)(  0 0)
(  0 0)(  0 0)(  0 0)(  0 0)(  0 0)(  0 0)(  0 0)(  0 0)(  0 0)(  0 0)(  0 0)(  0 0)(  0 0)(  0 0)(  0 0)(  0 0)
(  0 0)(  0 0)(  0 0)(  0 0)(  0 0)(  0 0)(  0 0)(  0 0)(  0 0)(  0 0)(  0 0)(  0 0)(  0 0)(  0 0)(  0 0)(  0 0)
(  0 0)(  0 0)(  0 0)(  0 0)(  0 0)(  0 0)(  0 0)(  0 0)(  0 0)(  0 0)(  0 0)(  0 0)(  0 0)(  0 0)(  0 0)(  0 0)
(  0 0)(  0 0)(  0 0)(  0 0)(  0 0)(  0 0)(  0 0)(  0 0)(  0 0)(  0 0)(  0 0)(  0 0)(  0 0)(  0 0)(  0 0)(  0 0)
(  0 0)(  0 0)(  0 0)(  0 0)(  0 0)(  0 0)(  0 0)(  0 0)(  0 0)(  0 0)(  0 0)(  0 0)(  0 0)(  0 0)(  0 0)(  0 0)
(  0 0)(  0 0)(  0 0)(  0 0)(  0 0)(  0 0)(  0 0)(  0 0)(  0 0)(  0 0)(  0 0)(  0 0)(  0 0)(  0 0)(  0 0)(  0 0)
