(  0 0)(  0 0)(  0 0)(  0 0)(  0 0)(  0 0)(  0 0)(  0 0)(  0 0)(  0 0)(  0 0)(  0 0)(  0 0)(  0 0)(  0 0)(  0 0)
(  0 0)(  0 0)(  0 0)(  0 0)(  0 0)(  0 0)(  0 0)(  0 0)(  0 0)(  0 0)(  0 0)(  0 0)(  0 0)(  0 0)(  0 0)(  0 0)
(  0 0)(  0 0)(  0 0)(  0 0)(  0 0)(  0 0)(  0 0)(  0 0)(  0 0)(  0 0)(  0 0)(  0 0)(  0 0)(  0 0)(  0 0)(  0 0)
(  0 0)(  0 0)(  0 0)(  0 0)(  0 0)(  0 0)(  0 0)(  0 0)(  0 0)(  0 0)(  0 0)(  0 0)(  0 0)(  0 0)(  0 0)(  0 0)
(  0 0)(  0 0)(  0 0)(215 0)(256 2)(134 0)(114 2)(163 2)(247 2)(173 0)( 74 2)(182 1)(  0 0)(  0 0)(  0 0)(  0 0)
(  0 0)(  0 0)(  0 0)(218 2)(254 0)(122 2)(177 0)(105 3)(131 1)(138 0)(217 1)(234 1)(  0 0)(  0 0)(  0 0)(  0 0)
(  0 0)(  0 0)(  0 0)(  0 0)(124 1)(174 2)(168 2)( 81 3)( 89 1)(159 2)(239 0)(135 0)(  0 0)(  0 0)(  0 0)(  0 0)
(  0 0)(  0 0)(  0 0)(  0 0)(244 1)(253 2)(228 2)(108 3)(104 0)(179 1)(200 0)(129 2)(  0 0)(  0 0)(  0 0)(  0 0)
(  0 0)(  0 0)(  0 0)(  0 0)(166 3)(180 1)(176 3)(139 0)(109 2)(142 0)( 85 3)( 83 1)(  0 0)(  0 0)(  0 0)(  0 0)
(  0 0)(  0 0)(  0 0)(  0 0)(206 2)(205 0)(216 1)(147 2)( 78 3)( 66 1)(196 1)( 97 0)(  0 0)(  0 0)(  0 0)(  0 0)
(  0 0)(  0 0)(  0 0)(  0 0)(202 0)(188 0)(160 3)( 65 0)(207 3)(191 2)(192 0)( 88 0)(  0 0)(  0 0)(  0 0)(  0 0)
(  0 0)(  0 0)(  0 0)(  0 0)(197 2)(123 0)(241 1)( 62 2)( 70 1)(167 3)(165 1)( 75 2)(  0 0)(  0 0)(  0 0)(  0 0)
(  0 0)(  0 0)(  0 0)(  0 0)(  0 0)(  0 0)(  0 0)(  0 0)(  0 0)(  0 0)(  0 0)(  0 0)(  0 0)(  0 0)(  0 0)(  0 0)
(  0 0)(  0 0)(  0 0)(  0 0)(  0 0)(  0 0)(  0 0)(  0 0)(  0 0)(  0 0)(  0 0)(  0 0)(  0 0)(  0 0)(  0 0)(  0 0)
(  0 0)(  0 0)(  0 0)(  0 0)(  0 0)(  0 0)(  0 0)(  0 0)(  0 0)(  0 0)(  0 0)(  0 0)(  0 0)(  0 0)(  0 0)(  0 0)
(  0 0)(  0 0)(  0 0)(  0 0)(  0 0)(  0 0)(  0 0)(  0 0)(  0 0)(  0 0)(  0 0)(  0 0)(  0 0)(  0 0)(  0 0)(  0 0)
