(  0 0)(  0 0)(  0 0)(  0 0)(  0 0)(  0 0)(  0 0)(  0 0)(  0 0)(  0 0)(  0 0)(  0 0)(  0 0)(  0 0)(  0 0)(  0 0)
(  0 0)(  0 0)(  0 0)(  0 0)(  0 0)(  0 0)(  0 0)(  0 0)(  0 0)(  0 0)(  0 0)(  0 0)(  0 0)(  0 0)(  0 0)(  0 0)
(  0 0)(  0 0)(  0 0)(  0 0)(  0 0)(  0 0)(  0 0)(  0 0)(  0 0)(  0 0)(  0 0)(  0 0)(  0 0)(  0 0)(  0 0)(  0 0)
(  0 0)(  0 0)(  0 0)(  0 0)(  0 0)(  0 0)(  0 0)(  0 0)(  0 0)(  0 0)(  0 0)(  0 0)(  0 0)(  0 0)(  0 0)(  0 0)
(  0 0)(  0 0)(  0 0)(  0 0)(  0 0)(  0 0)(  0 0)(  0 0)(  0 0)(  0 0)(  0 0)(  0 0)(  0 0)(  0 0)(  0 0)(  0 0)
(  0 0)(  0 0)(  0 0)(  0 0)(  0 0)(  0 0)(  0 0)(  0 0)(  0 0)(  0 0)(  0 0)(  0 0)(  0 0)(  0 0)(  0 0)(  0 0)
(  0 0)(  0 0)(  0 0)(  0 0)(  0 0)( 78 1)(208 1)(151 0)(256 0)(134 0)(  0 0)(  0 0)(  0 0)(  0 0)(  0 0)(  0 0)
(  0 0)(  0 0)(  0 0)(  0 0)(  0 0)(254 1)(222 3)(138 2)(178 1)(119 2)(  0 0)(  0 0)(  0 0)(  0 0)(  0 0)(  0 0)
(  0 0)(  0 0)(  0 0)(  0 0)(  0 0)(112 3)(104 0)(139 0)(220 3)(218 1)(  0 0)(  0 0)(  0 0)(  0 0)(  0 0)(  0 0)
(  0 0)(  0 0)(  0 0)(  0 0)(  0 0)(129 3)(102 1)(143 2)( 89 3)( 87 1)(  0 0)(  0 0)(  0 0)(  0 0)(  0 0)(  0 0)
(  0 0)(  0 0)(  0 0)(  0 0)(  0 0)(190 0)(  0 0)(  0 0)(  0 0)(  0 0)(  0 0)(  0 0)(  0 0)(  0 0)(  0 0)(  0 0)
(  0 0)(  0 0)(  0 0)(  0 0)(  0 0)(  0 0)(  0 0)(  0 0)(  0 0)(  0 0)(  0 0)(  0 0)(  0 0)(  0 0)(  0 0)(  0 0)
(  0 0)(  0 0)(  0 0)(  0 0)(  0 0)(  0 0)(  0 0)(  0 0)(  0 0)(  0 0)(  0 0)(  0 0)(  0 0)(  0 0)(  0 0)(  0 0)
(  0 0)(  0 0)(  0 0)(  0 0)(  0 0)(  0 0)(  0 0)(  0 0)(  0 0)(  0 0)(  0 0)(  0 0)(  0 0)(  0 0)(  0 0)(  0 0)
(  0 0)(  0 0)(  0 0)(  0 0)(  0 0)(  0 0)(  0 0)(  0 0)(  0 0)(  0 0)(  0 0)(  0 0)(  0 0)(  0 0)(  0 0)(  0 0)
(  0 0)(  0 0)(  0 0)(  0 0)(  0 0)(  0 0)(  0 0)(  0 0)(  0 0)(  0 0)(  0 0)(  0 0)(  0 0)(  0 0)(  0 0)(  0 0)
