(  0 0)(  0 0)(  0 0)(  0 0)(  0 0)(  0 0)(  0 0)(  0 0)(  0 0)(  0 0)(  0 0)(  0 0)(  0 0)(  0 0)(  0 0)(  0 0)
(  0 0)(  0 0)(  0 0)(  0 0)(  0 0)(  0 0)(  0 0)(  0 0)(  0 0)(  0 0)(  0 0)(  0 0)(  0 0)(  0 0)(  0 0)(  0 0)
(  0 0)(  0 0)(  0 0)(  0 0)(  0 0)(  0 0)(  0 0)(  0 0)(  0 0)(  0 0)(  0 0)(  0 0)(  0 0)(  0 0)(  0 0)(  0 0)
(  0 0)(  0 0)(  0 0)(  0 0)(  0 0)(  0 0)(  0 0)(  0 0)(  0 0)(  0 0)(  0 0)(  0 0)(  0 0)(  0 0)(  0 0)(  0 0)
(  0 0)(  0 0)(  0 0)(174 0)(112 3)( 63 0)(138 2)(171 1)(177 0)(213 0)(241 0)( 96 0)(  0 0)(  0 0)(  0 0)(  0 0)
(  0 0)(  0 0)(  0 0)(172 2)( 78 0)( 90 2)( 89 0)(154 3)(142 1)(209 2)(210 3)( 75 2)(  0 0)(  0 0)(  0 0)(  0 0)
(  0 0)(  0 0)(  0 0)(201 0)( 64 2)(156 1)( 70 2)(211 1)(180 2)(230 3)(115 0)(253 1)(  0 0)(  0 0)(  0 0)(  0 0)
(  0 0)(  0 0)(  0 0)(206 2)( 94 2)( 95 0)(165 0)(108 3)(119 1)(254 2)(133 2)(245 3)(  0 0)(  0 0)(  0 0)(  0 0)
(  0 0)(  0 0)(  0 0)(120 3)(121 1)( 66 2)(140 1)(139 0)(223 0)(100 3)( 62 0)(170 0)(  0 0)(  0 0)(  0 0)(  0 0)
(  0 0)(  0 0)(  0 0)(126 3)(104 0)( 85 3)( 84 1)( 65 0)(220 0)(255 3)( 88 0)(169 2)(  0 0)(  0 0)(  0 0)(  0 0)
(  0 0)(  0 0)(  0 0)(251 3)(114 2)( 91 3)( 77 1)( 97 2)(215 2)(196 0)( 92 2)( 93 0)(  0 0)(  0 0)(  0 0)(  0 0)
(  0 0)(  0 0)(  0 0)(219 3)(200 2)(186 3)(110 0)(238 0)(218 0)(185 2)(153 3)( 72 2)(231 1)(  0 0)(  0 0)(  0 0)
(  0 0)(  0 0)(  0 0)(160 0)(242 2)(228 2)(134 2)(239 2)( 79 3)( 76 1)(190 1)(127 0)(161 3)(  0 0)(  0 0)(  0 0)
(  0 0)(  0 0)(  0 0)(  0 0)(  0 0)(  0 0)(  0 0)(  0 0)(  0 0)(  0 0)(  0 0)(  0 0)(  0 0)(  0 0)(  0 0)(  0 0)
(  0 0)(  0 0)(  0 0)(  0 0)(  0 0)(  0 0)(  0 0)(  0 0)(  0 0)(  0 0)(  0 0)(  0 0)(  0 0)(  0 0)(  0 0)(  0 0)
(  0 0)(  0 0)(  0 0)(  0 0)(  0 0)(  0 0)(  0 0)(  0 0)(  0 0)(  0 0)(  0 0)(  0 0)(  0 0)(  0 0)(  0 0)(  0 0)
