(  0 0)(  0 0)(  0 0)(  0 0)(  0 0)(  0 0)(  0 0)(  0 0)(  0 0)(  0 0)(  0 0)(  0 0)(  0 0)(  0 0)(  0 0)(  0 0)
(  0 0)(  0 0)(  0 0)(  0 0)(  0 0)(  0 0)(  0 0)(  0 0)(  0 0)(  0 0)(  0 0)(  0 0)(  0 0)(  0 0)(  0 0)(  0 0)
(  0 0)(  0 0)(  0 0)(  0 0)(  0 0)(  0 0)(  0 0)(  0 0)(  0 0)(  0 0)(  0 0)(  0 0)(  0 0)(  0 0)(  0 0)(  0 0)
(  0 0)(  0 0)(  0 0)(  0 0)(  0 0)(  0 0)(  0 0)(  0 0)(  0 0)(  0 0)(  0 0)(  0 0)(  0 0)(  0 0)(  0 0)(  0 0)
(  0 0)(  0 0)(  0 0)(  0 0)(  0 0)(  0 0)(  0 0)(  0 0)(  0 0)(  0 0)(  0 0)(  0 0)(  0 0)(  0 0)(  0 0)(  0 0)
(  0 0)(  0 0)(  0 0)(  0 0)(  0 0)(  0 0)( 72 1)(121 3)(124 1)( 88 0)(206 0)(  0 0)(  0 0)(  0 0)(  0 0)(  0 0)
(  0 0)(  0 0)(  0 0)(  0 0)(  0 0)(129 1)( 82 0)(156 1)(243 1)( 76 2)(189 2)(  0 0)(  0 0)(  0 0)(  0 0)(  0 0)
(  0 0)(  0 0)(  0 0)(  0 0)(  0 0)(147 1)( 64 0)(178 0)(119 3)(110 1)(212 0)(  0 0)(  0 0)(  0 0)(  0 0)(  0 0)
(  0 0)(  0 0)(  0 0)(  0 0)(  0 0)( 89 3)( 61 1)(139 0)(193 3)(195 1)( 96 3)(  0 0)(  0 0)(  0 0)(  0 0)(  0 0)
(  0 0)(  0 0)(  0 0)(  0 0)(  0 0)(214 3)(146 0)(140 2)(108 0)(239 3)(128 3)(  0 0)(  0 0)(  0 0)(  0 0)(  0 0)
(  0 0)(  0 0)(  0 0)(  0 0)(  0 0)(216 1)(151 2)(176 2)(115 2)(229 1)( 80 0)(  0 0)(  0 0)(  0 0)(  0 0)(  0 0)
(  0 0)(  0 0)(  0 0)(  0 0)(  0 0)(  0 0)(  0 0)(  0 0)(  0 0)(  0 0)(  0 0)(  0 0)(  0 0)(  0 0)(  0 0)(  0 0)
(  0 0)(  0 0)(  0 0)(  0 0)(  0 0)(  0 0)(  0 0)(  0 0)(  0 0)(  0 0)(  0 0)(  0 0)(  0 0)(  0 0)(  0 0)(  0 0)
(  0 0)(  0 0)(  0 0)(  0 0)(  0 0)(  0 0)(  0 0)(  0 0)(  0 0)(  0 0)(  0 0)(  0 0)(  0 0)(  0 0)(  0 0)(  0 0)
(  0 0)(  0 0)(  0 0)(  0 0)(  0 0)(  0 0)(  0 0)(  0 0)(  0 0)(  0 0)(  0 0)(  0 0)(  0 0)(  0 0)(  0 0)(  0 0)
(  0 0)(  0 0)(  0 0)(  0 0)(  0 0)(  0 0)(  0 0)(  0 0)(  0 0)(  0 0)(  0 0)(  0 0)(  0 0)(  0 0)(  0 0)(  0 0)
