(  0 0)(  0 0)(  0 0)(  0 0)(  0 0)(  0 0)(  0 0)(  0 0)(  0 0)(  0 0)(  0 0)(  0 0)(  0 0)(  0 0)(  0 0)(  0 0)
(  0 0)(  0 0)(  0 0)(  0 0)(  0 0)(  0 0)(  0 0)(  0 0)(  0 0)(  0 0)(  0 0)(  0 0)(  0 0)(  0 0)(  0 0)(  0 0)
(  0 0)(  0 0)(  0 0)(  0 0)(  0 0)(  0 0)(  0 0)(  0 0)(  0 0)(  0 0)(  0 0)(  0 0)(  0 0)(  0 0)(  0 0)(  0 0)
(  0 0)(  0 0)(  0 0)(  0 0)(  0 0)(  0 0)(  0 0)(  0 0)(  0 0)(  0 0)(  0 0)(  0 0)(  0 0)(  0 0)(  0 0)(  0 0)
(  0 0)(  0 0)(  0 0)(  0 0)(  0 0)(  0 0)(  0 0)(  0 0)(  0 0)(  0 0)(  0 0)(  0 0)(  0 0)(  0 0)(  0 0)(  0 0)
(  0 0)(  0 0)(  0 0)(  0 0)(  0 0)(  0 0)(  0 0)(  0 0)(  0 0)(  0 0)(  0 0)(  0 0)(  0 0)(  0 0)(  0 0)(  0 0)
(  0 0)(  0 0)(  0 0)(  0 0)(  0 0)(232 2)(251 2)( 83 0)(218 3)(149 0)(  0 0)(  0 0)(  0 0)(  0 0)(  0 0)(  0 0)
(  0 0)(  0 0)(  0 0)(  0 0)(  0 0)(115 3)(133 1)( 85 2)(178 3)( 61 3)(  0 0)(  0 0)(  0 0)(  0 0)(  0 0)(  0 0)
(  0 0)(  0 0)(  0 0)(  0 0)(  0 0)(230 2)(171 3)(139 0)(186 0)( 64 2)( 72 2)(  0 0)(  0 0)(  0 0)(  0 0)(  0 0)
(  0 0)(  0 0)(  0 0)(  0 0)(  0 0)(143 0)(176 0)( 81 3)( 62 0)( 70 2)(191 2)(  0 0)(  0 0)(  0 0)(  0 0)(  0 0)
(  0 0)(  0 0)(  0 0)(  0 0)(  0 0)( 67 1)(182 1)(249 2)( 71 2)(207 1)(208 2)(  0 0)(  0 0)(  0 0)(  0 0)(  0 0)
(  0 0)(  0 0)(  0 0)(  0 0)(  0 0)(  0 0)(  0 0)(  0 0)(  0 0)(  0 0)(  0 0)(  0 0)(  0 0)(  0 0)(  0 0)(  0 0)
(  0 0)(  0 0)(  0 0)(  0 0)(  0 0)(  0 0)(  0 0)(  0 0)(  0 0)(  0 0)(  0 0)(  0 0)(  0 0)(  0 0)(  0 0)(  0 0)
(  0 0)(  0 0)(  0 0)(  0 0)(  0 0)(  0 0)(  0 0)(  0 0)(  0 0)(  0 0)(  0 0)(  0 0)(  0 0)(  0 0)(  0 0)(  0 0)
(  0 0)(  0 0)(  0 0)(  0 0)(  0 0)(  0 0)(  0 0)(  0 0)(  0 0)(  0 0)(  0 0)(  0 0)(  0 0)(  0 0)(  0 0)(  0 0)
(  0 0)(  0 0)(  0 0)(  0 0)(  0 0)(  0 0)(  0 0)(  0 0)(  0 0)(  0 0)(  0 0)(  0 0)(  0 0)(  0 0)(  0 0)(  0 0)
